0.953335 39
0.027536 51
0.000034 1
8.201072 1
0.151985 2
0.328016 121
0.002130 1
4.582004 1
0.143022 2
0.570004 10
0.003493 285
0.000807 1
2.234784 1
0.271992 1
0.111002 1
0.217021 1
0.135980 1
1.663354 1
0.129077 1
0.128064 116
1.002855 84
0.485955 1
2.087433 1
0.264830 1
0.063000 1
0.272029 1
0.023981 4
0.960045 4
0.184990 4
0.143001 4
0.168005 1
0.456019 1
0.113998 1
0.175008 1
0.078994 1
0.368022 1
0.288001 1
0.456015 2
0.409094 196
0.001914 84
0.477035 1
1.057019 1
0.367011 1
0.162003 1
0.093995 1
0.160018 1
1.360042 1
0.383997 1
0.233031 1
0.111005 1
0.191977 91
2.088066 1
2.120075 1
0.656007 1
0.736026 1
0.144006 8
